{
 "cells": [
  {
   "cell_type": "code",
   "execution_count": 1,
   "metadata": {},
   "outputs": [],
   "source": [
    "import numpy as np"
   ]
  },
  {
   "attachments": {},
   "cell_type": "markdown",
   "metadata": {},
   "source": [
    "## Tek Boyutlu Arraylarda Sıralama"
   ]
  },
  {
   "cell_type": "code",
   "execution_count": 9,
   "metadata": {},
   "outputs": [
    {
     "data": {
      "text/plain": [
       "array([4, 2, 5, 1, 3])"
      ]
     },
     "execution_count": 9,
     "metadata": {},
     "output_type": "execute_result"
    }
   ],
   "source": [
    "x = np.array([4,2,5,1,3])\n",
    "x"
   ]
  },
  {
   "cell_type": "code",
   "execution_count": 11,
   "metadata": {},
   "outputs": [
    {
     "data": {
      "text/plain": [
       "array([1, 2, 3, 4, 5])"
      ]
     },
     "execution_count": 11,
     "metadata": {},
     "output_type": "execute_result"
    }
   ],
   "source": [
    "np.sort(x) # numpy içerisinden çağırdığımız için içerik değişmez"
   ]
  },
  {
   "cell_type": "code",
   "execution_count": 13,
   "metadata": {},
   "outputs": [
    {
     "data": {
      "text/plain": [
       "array([1, 2, 3, 4, 5])"
      ]
     },
     "execution_count": 13,
     "metadata": {},
     "output_type": "execute_result"
    }
   ],
   "source": [
    "x.sort() # değişken üzerinden çağırdığımız için içerik değişir\n",
    "x"
   ]
  },
  {
   "attachments": {},
   "cell_type": "markdown",
   "metadata": {},
   "source": [
    "## 2 Boyutlu Arraylarda Sıralama"
   ]
  },
  {
   "cell_type": "code",
   "execution_count": 30,
   "metadata": {},
   "outputs": [
    {
     "data": {
      "text/plain": [
       "array([[21.14411115, 16.07417858, 19.84408788],\n",
       "       [12.12123231, 13.50293483, 17.67317429],\n",
       "       [32.31406336, 19.84173049, 21.12248346]])"
      ]
     },
     "execution_count": 30,
     "metadata": {},
     "output_type": "execute_result"
    }
   ],
   "source": [
    "m = np.random.normal(20 , 5 , (3,3))\n",
    "m"
   ]
  },
  {
   "cell_type": "code",
   "execution_count": 31,
   "metadata": {},
   "outputs": [
    {
     "data": {
      "text/plain": [
       "array([[16.07417858, 19.84408788, 21.14411115],\n",
       "       [12.12123231, 13.50293483, 17.67317429],\n",
       "       [19.84173049, 21.12248346, 32.31406336]])"
      ]
     },
     "execution_count": 31,
     "metadata": {},
     "output_type": "execute_result"
    }
   ],
   "source": [
    "np.sort(m , axis=1) # bütün satırları küçükten büyüğe doğru sıraladı"
   ]
  },
  {
   "cell_type": "code",
   "execution_count": 33,
   "metadata": {},
   "outputs": [
    {
     "data": {
      "text/plain": [
       "array([[12.12123231, 13.50293483, 17.67317429],\n",
       "       [21.14411115, 16.07417858, 19.84408788],\n",
       "       [32.31406336, 19.84173049, 21.12248346]])"
      ]
     },
     "execution_count": 33,
     "metadata": {},
     "output_type": "execute_result"
    }
   ],
   "source": [
    "np.sort(m , axis=0) # bütün sütunları küçükten büyüğe doğru sıraladı"
   ]
  }
 ],
 "metadata": {
  "kernelspec": {
   "display_name": "Python 3",
   "language": "python",
   "name": "python3"
  },
  "language_info": {
   "codemirror_mode": {
    "name": "ipython",
    "version": 3
   },
   "file_extension": ".py",
   "mimetype": "text/x-python",
   "name": "python",
   "nbconvert_exporter": "python",
   "pygments_lexer": "ipython3",
   "version": "3.10.1 (tags/v3.10.1:2cd268a, Dec  6 2021, 19:10:37) [MSC v.1929 64 bit (AMD64)]"
  },
  "orig_nbformat": 4,
  "vscode": {
   "interpreter": {
    "hash": "18166a33d950c5b65a5d938715230d2a0f2422f14abbd439c54bd0817c6a741f"
   }
  }
 },
 "nbformat": 4,
 "nbformat_minor": 2
}
